GUIShape,16776960,true,0,Polygon_2D,9.296875,9.3125,9.578125,9.03125,8.9375,8.140625,9.296875,7.546875,8.96875,7.234375,7.96875,8.53125,8.0,7.234375,7.484375,7.234375,7.59375,9.1875,8.21875,9.171875,8.734375,8.359375
GUIShape,16776960,true,0,Polygon_2D,5.921875,8.578125,6.390625,8.546875,6.359375,7.84375,5.53125,7.859375,5.421875,9.109375,7.109375,9.09375,7.03125,6.921875,5.296875,6.921875,5.3125,7.375,6.609375,7.375,6.6875,8.75,5.921875,8.78125
GUIShape,16776960,true,0,Polygon_2D,4.703125,9.09375,4.75,6.96875,2.734375,7.03125,2.6875,9.0,3.0625,9.0,3.140625,7.71875,3.53125,7.71875,3.578125,9.0,3.875,8.984375,3.859375,7.75,4.328125,7.765625,4.28125,8.984375
GUIShape,16776960,true,0,Polygon_2D,0.625,9.046875,2.046875,9.0625,2.046875,6.96875,1.546875,7.03125,1.625,8.734375,0.71875,8.703125
GUIShape,0,true,0,Polygon_2D,2.0,5.640625,2.5,6.25,2.859375,6.734375,2.875,3.359375,2.4375,3.421875,2.5,5.6875
GUIShape,255,false,0,Circle_2D,4.71875,4.6875, 1.6531515829620707
GUIShape,65280,true,0,Circle_2D,4.671875,4.609375, 1.3696629375506955
GUIShape,255,false,0,Circle_2D,8.0,4.546875, 1.6684398119950268
GUIShape,255,false,0,Polygon_2D,7.984375,4.671875
GUIShape,16711680,true,0,Circle_2D,7.96875,4.515625, 1.4032955074573565
GUIShape,16776960,true,0,Polygon_2D,0.78125,6.125
GUIShape,255,true,0,Polygon_2D,0.921875,5.234375,0.625,5.546875,0.484375,5.828125,0.609375,6.359375,1.0,6.421875,1.328125,6.25,1.609375,5.84375,1.796875,5.0,1.484375,4.578125,1.09375,4.0,0.828125,3.734375,0.546875,4.21875,1.21875,4.984375,1.3125,5.4375,1.15625,5.84375,0.890625,6.046875,0.75,5.96875,0.84375,5.546875
GUIShape,255,true,0,Circle_2D,0.859375,3.4375, 0.24705294220065463
